1010101101010100
1010101000000000
11100010101010011100100
100000001
0
1
10101010
1010101010101010
1010101000000000
11111111111111111111111111111111111111111111111111111111111111111111111111111111111111111111111111111111111111101010101010101011
101010101010101000
10101010101010
10000000000000000000000000000000000000000000000000000000000000000000000000000000000000000000000000000000000000000010101010101010
101010101010101000
123580245
123333333
15241481342784
1000
0
1
114688
123465557
123350869
-123456790
493827156
30864197
85070591730234615865843651857972917061
493827156
124CF6
122882
14C428698
100
0
1
1238
123ABE
122886
FFFFFFFFFFFFFFFFFFFFFFFFFFEDC543
48EAF0
48EAF
48EAF
48EAF0
438207
D5F7E
111101000001000000000000000101000111011001010010010000000000111
7A08000A3B292007
000100100011010001010110011110001001101010111100
20015998343868
